time,x,y,z,phi,theta,psi,x_velocity,y_velocity,z_velocity,phi_velocity,theta_velocity,psi_velocity,rotor_speed1,rotor_speed2,rotor_speed3,rotor_speed4
0.06,-1.379945969824063e-08,4.6150007246133585e-08,0.00425668340601836,5.24655202207569e-05,1.6552354201060382e-05,0.0,-1.3616670334214446e-06,4.436551621241917e-06,0.141881625543876,0.0025684478118077605,0.0008220361827538192,0.0,450.1360672312021,450.2025661283773,449.71130219847004,449.91924211286096
0.12000000000000001,-6.1081069756339e-07,2.168511061509066e-06,0.01703439937771899,0.0002937524422934601,6.283184452879918,0.0,-2.0372215929744104e-05,8.786770925916365e-05,0.284016864877438,0.006779815462930635,-0.002612930585323514,0.0,450.36831221072754,450.0904547374797,449.80997520311564,450.15075929411483
0.18,-1.1348753392621816e-06,1.553680380705387e-05,0.0383155291130348,0.0007175414571882754,6.282967133951022,0.0,2.303946614625493e-05,0.00040263614155047257,0.4253114593924355,0.007623899466946382,-0.005720695760705054,0.0,450.1519153266305,449.9004733298115,449.7732875996373,449.8415219424913
0.23999999999999996,6.478445990994694e-06,5.7277388035169433e-05,0.06806526685150821,0.0012012130132239562,6.282527943668363,0.0,0.00027277583625564346,0.0010395390943335981,0.5662865480006379,0.008921760242664414,-0.010727079094091343,0.0,450.26209042870454,449.85706067938355,449.7379794111912,449.8429538963747
0.3,3.986073398438534e-05,0.00014831711001271971,0.10625654390422826,0.0019509166841213954,6.281842530473611,0.0,0.0009116260660558108,0.0020652814070330795,0.7066790547312871,0.01882437634053031,-0.012854194199753626,0.0,450.05798944819486,449.885942781668,449.4028725158196,450.2045883070502
0.36000000000000004,0.00012701989982808704,0.00031956015775601006,0.15285695953355216,0.0031987020002191002,6.281082830442019,0.0,0.002076141033274905,0.0037711693948330235,0.8465740969048929,0.02447416725607031,-0.012279374315043376,0.0,449.99440437812166,450.0410488344183,449.57844645172185,450.0359036609348
0.4200000000000001,0.00030039085096790984,0.0006216768958403325,0.2078255853820159,0.004750812739242605,6.280430687865225,0.0,0.003777343724573056,0.006461930867672585,0.9856027317271951,0.02852039937994055,-0.00818789352482159,0.0,449.71170959923495,450.0430799376917,449.67574291822683,450.00347341578856
0.48000000000000015,0.000589036813914008,0.0011199049228586679,0.2711100392238601,0.006469119933851353,6.279992837643832,0.0,0.005893778389165512,0.01032962157387604,1.1237520081413988,0.028873484034641114,-0.005573628586004961,0.0,449.7807227023897,449.9924832093084,449.7687760459978,449.79758749523444
0.5400000000000001,0.0010135652635465198,0.0018876069548837318,0.3426602811230056,0.008224835659421004,6.279646179797174,0.0,0.00829332185586365,0.015447028253216557,1.2611128855478517,0.03002758965291957,-0.006188805978074075,0.0,449.98532973574567,449.93563211104555,449.7386251969125,449.8323261797598
0.6000000000000002,0.0015896696285143909,0.003000524102618424,0.4224087572522954,0.010068853640420095,6.279169017725035,0.0,0.010954840343005652,0.02184450952939981,1.3970113000168998,0.03210935451135972,-0.011737101105749367,0.0,449.9759922719524,449.5267802754535,449.63636020264755,449.80526802218975
0.6600000000000003,0.002337067653902717,0.00453763439845103,0.5102851998634728,0.01206113118870178,6.278367774617106,0.0,0.014038162999853141,0.029600792907316452,1.532029400598665,0.03530940058899839,-0.016801607360301778,0.0,449.96251443695604,449.5524849492343,449.73369029647677,449.9932006874774
0.7200000000000003,0.0032877844252940666,0.006583569833274648,0.6062138609822992,0.014268320100515375,6.277352477410625,0.0,0.017759655851810264,0.038826165181656644,1.6654040295492554,0.039587461292158906,-0.017162718496246326,0.0,449.654513046213,449.6253458339047,449.54942163405786,449.8965123737462
0.7800000000000004,0.00448367146920822,0.009231520243754801,0.7101200672143881,0.016739545491156527,6.276381952271105,0.0,0.02220879617542776,0.049694876001321546,1.797932194321039,0.044207622505853715,-0.014270620575525424,0.0,449.7253879965391,449.9596560901007,449.6274605276737,450.00245275980643
0.8400000000000004,0.0059665179473304955,0.01258548198116677,0.8219338554311527,0.01953859627228738,6.275581251244354,0.0,0.027306178821159013,0.06239107485222506,1.9289758693613106,0.051135811018456524,-0.011555298441168971,0.0,449.81160436882294,450.031546754378,449.41800711875254,449.98043037273044
0.9000000000000005,0.007771624119914907,0.016762737037950382,0.9415781953404649,0.02279239619350726,6.2749277102917524,0.0,0.03293391155500422,0.07718320251979852,2.0589355394734534,0.059791755075819165,-0.009598368889775642,0.0,449.92735213466506,450.08587629634064,449.53326798586966,450.23599388782867
0.9600000000000005,0.00992754024577916,0.02189828156986628,1.0689542579081575,0.026605773081503692,6.274316593283411,0.0,0.038990909173372286,0.09438950856499612,2.1866865562812867,0.07018236679537945,-0.011385738131415923,0.0,449.99428860676363,449.8497118223199,449.18443622005196,450.0290974319005
1.0200000000000005,0.012460034834909631,0.028149380369162133,1.2039522571009391,0.030921697230005485,6.2736457043104785,0.0,0.04549501322482125,0.11442513588822023,2.3129849524423736,0.07521829775467082,-0.010776072400973922,0.0,450.04364529795663,450.09311305321444,449.416796448602,449.8286889430768
1.0800000000000005,0.01539675616269065,0.03569522532554565,1.3464919867069038,0.03543334736056014,6.2729346295257855,0.0,0.052464825003676385,0.13757150765856638,2.438062760816034,0.07514589548027722,-0.014093265265664873,0.0,450.485287454907,450.21710909409484,449.7076958313746,449.7061989071904
1.1400000000000006,0.01876700465127017,0.044724153854692396,1.4964691257679221,0.03999674225741945,6.2720485802322905,0.0,0.0599651792131238,0.1638606978045275,2.5608867317991963,0.0778174368464079,-0.016151173387984635,0.0,450.2012735045114,450.0348461216845,449.61663529457206,449.8375036760407
1.2000000000000006,0.02260582745334164,0.0554253756909865,1.6537360956499254,0.044754451769836834,6.2710383815818584,0.0,0.06809630421045719,0.19332986281511005,2.6810460520698562,0.08209628186439759,-0.018244006487405554,0.0,450.2187294044121,450.0494579624243,449.11636542398884,449.4682279811598
1.2600000000000007,0.02695361081645071,0.06799382216346492,1.81813914217816,0.04985638615316823,6.269963612600833,0.0,0.07693978223412992,0.22612984132468628,2.798744101889324,0.09033489092788864,-0.017258571928863934,0.0,449.81587950715004,449.89574466519883,448.9878924852098,449.6616159728068
1.3200000000000007,0.03185385082533624,0.08263731531522614,1.9895416656090703,0.05542334876095101,6.268880481615694,0.0,0.08650808792131955,0.2625443424419024,2.914348314512737,0.09727373009482268,-0.01968850087468851,0.0,449.87804682832603,449.6813207284504,449.14953233323405,449.7190674366841
1.3800000000000008,0.037350531850510134,0.09958077293193093,2.167799470421362,0.06153314055853354,6.267723178098144,0.0,0.09683180734485831,0.3028416528386903,3.02724071596718,0.10965746195848358,-0.018500007252172646,0.0,449.58648639388247,449.68281930237237,448.77983816560027,449.7926690954282
1.4400000000000008,0.043490171617429504,0.11907076790833628,2.352780332493718,0.06839178098427023,6.266491742366011,0.0,0.10793908784724056,0.34750216814602053,3.1384324124581,0.12228132248640658,-0.02491423922267058,0.0,449.92963410617773,449.41004301351717,449.1275416193307,450.1616405396622
1.5000000000000009,0.05032292343900417,0.1413839571479303,2.54437990447837,0.07580737223397183,6.264851155707046,0.0,0.11997570657978757,0.39700999187630914,3.2478451926195935,0.12609326449629116,-0.032705996646683895,0.0,450.1719622067701,449.54083760504426,449.7203319883408,450.0426323314842
1.560000000000001,0.057913142568718934,0.16681965005954458,2.7424816779784984,0.08343783535287397,6.262819245851915,0.0,0.13323170592420247,0.4516027351646865,3.355156216835994,0.1292513256977274,-0.03629004673542683,0.0,450.1345034704496,449.84391341791667,449.9112629830029,450.1814107282455
1.620000000000001,0.06634104321049601,0.19568640957077246,2.9469568114219125,0.09140403889078552,6.260548540183255,0.0,0.14792035242994894,0.5114004760780054,3.4602738380301536,0.1390072914412313,-0.041151333022915904,0.0,450.1294979689359,449.7352409473964,450.00905765911597,450.8139917318957
1.680000000000001,0.07569721142542193,0.2283021372101177,3.1576525038289622,0.0999913589245125,6.257913061273495,0.0,0.164205474347901,0.5766231675792955,3.5624889992566007,0.1502830315965425,-0.05014327436542056,0.0,450.2458879031376,449.5166984679722,449.9436338417966,450.87431301780555
1.740000000000001,0.0860851704481923,0.26500253557705455,3.374376637314962,0.10925705152189646,6.25483169200287,0.0,0.18236222071240046,0.6476166591305278,3.6612013806132935,0.16163498475762825,-0.053898518259035355,0.0,449.92484708247844,449.6190373516394,449.70718203441066,450.6478813795491
1.8000000000000012,0.09762540643340992,0.3061479378100797,3.596935591079763,0.11894196457286998,6.251418214584312,0.0,0.2026401235639566,0.7248358755537831,3.7569606635829706,0.1609726216009534,-0.06366977171477331,0.0,450.31565648641583,449.5222954359728,450.1343641089889,450.105182635789
1.8600000000000012,0.11045299453754572,0.35211664453057606,3.8251518740889483,0.12857859230546875,6.247517169499734,0.0,0.22532667535519219,0.8083792771854227,3.8497616453598886,0.15987712039455085,-0.06785749560053786,0.0,450.2205471771539,449.8785119175936,450.1894850249624,450.1249911997185
1.9200000000000013,0.12472037980332866,0.4032841981378792,4.05883778271446,0.13812546807343384,6.243500042508664,0.0,0.25064897285271315,0.8981126525169253,3.9392667473694827,0.15754633579044863,-0.06520105530728872,0.0,449.912878149274,450.12462910820267,450.29709677270654,450.13217065114236
1.9800000000000013,0.14058614037568418,0.46001843119047736,4.29779723291392,0.14751970512184087,6.2396760274046414,0.0,0.2785847510270214,0.9939102502977013,4.025534122736465,0.15454680911254645,-0.06095054682527945,0.0,449.8591645710431,450.2003261696232,450.43255220965443,450.2127524338594
2.0400000000000014,0.15820240254356077,0.5226783963248489,4.541836899400959,0.15674320465047842,6.236027170266688,0.0,0.30897441722572144,1.0956089834162706,4.108596250431457,0.15203074570477754,-0.06054326744314571,0.0,450.1571400037841,450.1875191149914,450.4585609221779,450.27700151358283
2.1000000000000014,0.17771296579450266,0.5916125365108402,4.790760529923308,0.16590248610704883,6.232398834171711,0.0,0.3417227872078515,1.2030276724375117,4.1883208836897445,0.15387275022406066,-0.060330709638426176,0.0,450.3701582217371,450.38481076877196,450.23074306696225,450.401396510539
2.1600000000000015,0.1992569608331961,0.6671569276872489,5.044337939578097,0.1752330247384437,6.228774378062663,0.0,0.3767511600483342,1.3159526535222843,4.263709594051236,0.15859178706930338,-0.06056176279587184,0.0,450.2244685911739,450.20323713193227,449.8615028192357,450.26600559837885
2.2200000000000015,0.22297210086644614,0.7496486848478343,5.302336503080222,0.1848440455909257,6.225154086798252,0.0,0.4140915306925338,1.4346221693914802,4.335672786987524,0.16318738450648324,-0.059894940545319755,0.0,450.3956494392491,450.44705660683013,449.8782368523353,450.27422762376295
2.2800000000000016,0.2489964857845803,0.839436241019683,5.564550197007552,0.1946630235223381,6.221476893210404,0.0,0.4537233541814192,1.5591565549148865,4.404193648356236,0.16455724291302945,-0.06422471669433935,0.0,450.8641957777823,450.51157147738274,450.0365407498675,450.17257223586705
2.3400000000000016,0.277467414465616,0.9368668795032746,5.83074081901657,0.2045579255511143,6.217521710393093,0.0,0.49566573536368436,1.6893844980374546,4.468222036969191,0.16562022387162365,-0.06954372041245054,0.0,450.87201651913136,450.43886230655625,449.7936441486803,449.9053244982976
2.4000000000000017,0.3085303623467754,1.0422866640849509,6.100665443304642,0.21451477111877093,6.213397928766522,0.0,0.5401444147474508,1.825452548883561,4.528641128919292,0.16659304528406826,-0.06715020911920389,0.0,450.667917776147,450.8578647553077,450.02885937599683,450.13352862014335
2.4600000000000017,0.3423374128695485,1.1560408879555353,6.374088249841531,0.22452165491655673,6.2094202860834375,0.0,0.5871173773361289,1.96718887357095,4.5848141842469925,0.16715494634666497,-0.06463525747000509,0.0,450.63777447198396,450.83784711283823,450.0801386423744,450.15182229187997
2.520000000000002,0.37903525362894763,1.278469951634992,6.65076297762801,0.23455993190357027,6.205651460288502,0.0,0.6364822057976571,2.1146010689214405,4.637023912999957,0.16760187568892995,-0.05940073757476526,0.0,450.53716263931796,450.957437539726,450.3238715772995,450.3863915782423
2.580000000000002,0.4187616676342919,1.4099111823067505,6.93044619779742,0.24461658574770695,6.202239314439545,0.0,0.6880328332750469,2.2675802520475523,4.685085088993886,0.1676289096960862,-0.052235619163833735,0.0,450.49052529023544,451.06742632852274,450.4984638125797,450.5271087430785
2.640000000000002,0.46163694214935735,1.5506873836988562,7.212853994371644,0.254645258019079,6.199163437330975,0.0,0.7414033429022563,2.425748337410726,4.727838340518607,0.1661591616683073,-0.04939074953992539,0.0,450.48941288927546,450.71778176995844,450.2264422343545,450.13381991453525
2.700000000000002,0.507764917330685,1.701108962497714,7.497681074179881,0.2646123441368644,6.1962047066890715,0.0,0.7964385751734869,2.5890677880492308,4.765721241832611,0.16603597026133443,-0.04915554831054623,0.0,450.7030770732556,450.7206151015109,449.8554597854778,449.8714809068048
2.760000000000002,0.5572430199674222,1.861480844728697,7.784635609538491,0.27460449214462734,6.193344385610395,0.0,0.8530648867726578,2.7574072244166112,4.798743826505551,0.16751583729018518,-0.044859692201175194,0.0,450.25915382715436,450.6052704945209,449.90362841365834,450.0495755923495
2.820000000000002,0.6101637002575611,2.032102259992739,8.073428059570745,0.2846557765311246,6.190571047256935,0.0,0.9111708175585871,2.9307066245860236,4.826974057449134,0.16753252704367672,-0.049096201688848845,0.0,450.61482940036433,450.2709377773004,449.8724096517713,449.90023160467894
2.880000000000002,0.6666160849493807,2.213271021782508,8.363780077274358,0.2947674875577926,6.187561193747616,0.0,0.9708078401386427,3.108967194394349,4.850713637551812,0.1704469762068194,-0.0523899007709045,0.0,450.7900679293699,450.52224180610887,449.7121089083193,449.97496021947387
2.940000000000002,0.7266937100419125,2.405276396584023,8.65539973939231,0.3050063907840528,6.184305354590009,0.0,1.0320286201137794,3.2919186290802576,4.869212458231121,0.171047630644355,-0.05830188105764125,0.0,450.81539246129046,450.33542862268433,449.64669205522625,449.72291288111717
3.000000000000002,0.7904953206914263,2.6083953310014802,8.947964090307376,0.31530592340708097,6.180726242443042,0.0,1.0949680781115743,3.4793999100400694,4.882189884341547,0.17285249461274538,-0.062497300251091514,0.0,450.69009078720063,450.348349937466,449.29619357601763,449.4704478363851
3.0600000000000023,0.8581318160088163,2.822905123649914,9.241166703018164,0.32583473351307024,6.176878286730094,0.0,1.1598771632724507,3.671604775743719,4.890465181614817,0.18026977905320887,-0.06762025853935982,0.0,450.82749206370045,450.41033254853994,449.21617480992825,449.8465488768003
3.1200000000000023,0.9297263126269734,3.049091525434817,9.53472642292104,0.33672955045811026,6.17274152424406,0.0,1.2269233142962563,3.868629465274884,4.894059077012781,0.18407664884517294,-0.07173743777523402,0.0,450.89841560252614,450.56208072647587,449.6423685496921,449.98216619800957
3.1800000000000024,1.0054094774245648,3.2872394409102665,9.82834223953251,0.3477144610293612,6.168381572736273,0.0,1.2961815939970316,4.070307880838043,4.892312861154921,0.18101737676757196,-0.07458942928827425,0.0,450.69940214762283,450.4647784442721,450.1589417834675,449.94326854986775
3.2400000000000024,1.0853155481146168,3.537619353129673,10.121681263401287,0.3584683854426771,6.163861082909888,0.0,1.3676957152136897,4.276315977118327,4.88482875209257,0.1754045642361591,-0.07688880705055251,0.0,450.54640056834535,450.3560400052324,450.2799286910246,449.8561044861609
3.3000000000000025,1.1695824247505455,3.800483433098582,10.414406615952371,0.36885997430630724,6.159147432790821,0.0,1.441550247031342,4.486387378300601,4.871859425644679,0.16836404392733895,-0.08213185002603868,0.0,450.5581739943674,450.1291405073161,450.5006969691352,449.9593074846714
3.3600000000000025,1.258350810258455,4.0760555387372435,10.70617077958248,0.37894485476246764,6.15407449507995,0.0,1.517769641620687,4.69985521154731,4.85279567634677,0.16751066581279436,-0.08988006063920653,0.0,450.54695821578,449.91414868151634,449.99273544785643,449.95028986787275
3.4200000000000026,1.3517706828997207,4.364536103854173,10.996626287350736,0.3888524935201332,6.148578843653889,0.0,1.5966324720694343,4.916628384842223,4.828227719355479,0.15988273228139663,-0.09526115762398157,0.0,450.4492277766051,450.00680850473816,450.3033407988851,449.71134700396993
3.4800000000000026,1.4500075672163777,4.666116353669245,11.285451085213925,0.39830655054236974,6.142866356178256,0.0,1.6783534133594278,5.136441685945886,4.798447472290308,0.1524881824496067,-0.09510234885518157,0.0,450.20681693584334,450.2120898778084,450.5414517557416,449.9662044169959
3.5400000000000027,1.553230371821217,4.980954266427113,11.572309340546726,0.40735606644540834,6.1371783283836425,0.0,1.7628200654186574,5.3584866171324,4.762695773561509,0.14727751509721768,-0.09420386939762862,0.0,449.9075040192089,449.9727503756519,450.37784549758436,449.977182465176
3.6000000000000028,1.6616027438802552,5.309175065441823,11.856854724247913,0.4160854968899903,6.131622280910154,0.0,1.8499888254566859,5.58248414927735,4.72136718512692,0.1416578233168262,-0.08957541543297945,0.0,449.7099464664336,450.07766432327617,450.2826089851984,449.8471417118208
3.660000000000003,1.7752834613105695,5.650888671196743,12.138764439295315,0.4245716965177726,6.126267500328391,0.0,1.939735547877107,5.808196415349713,4.674856981603033,0.1409911499748744,-0.0885966395930385,0.0,449.76759534978555,449.84034336354193,450.2016145564364,450.16599388251075
3.720000000000003,1.8944233624041422,6.006191469447063,12.417734469479448,0.4329776909927485,6.120981765985007,0.0,2.031947115007424,6.035424374190085,4.623379406063733,0.13825724387340887,-0.0871124783658515,0.0,449.77047317224054,449.8843479537171,450.3994088840375,450.1961433250953
3.780000000000003,2.0191669613073118,6.375166508881085,12.693466247225443,0.441282579505085,6.11585516746768,0.0,2.126505768514665,6.2638997348228385,4.566923680972953,0.13872773578066058,-0.08230010420293837,0.0,449.7499101933991,450.1337024842096,450.2600420435616,450.31560109847055
3.840000000000003,2.1496506961300303,6.757883886298679,12.965666188422317,0.44950674918574496,6.110911264721505,0.0,2.2232556074281327,6.49347371111098,4.505656049940677,0.1335319497092125,-0.08259553030670698,0.0,449.94330234351315,449.9139564547737,450.6955107150267,450.292358070911
3.900000000000003,2.285996868157886,7.154388883480302,13.234020930973942,0.45734578785723556,6.105960992284702,0.0,2.3219139917799807,6.723433687030161,4.438776927620035,0.12416327487599482,-0.08232329544417846,0.0,449.79507668623864,449.81168966206246,450.56177330570034,449.818861152277
3.960000000000003,2.4283226327056706,7.564703009324284,13.49822166508265,0.4647668391889157,6.101158017474193,0.0,2.4225611816180623,6.953713835511465,4.367223956001692,0.12270937955978944,-0.0758536305728129,0.0,449.5646778250474,450.0836549203685,450.28966894962775,450.18566261245644
4.020000000000002,2.576741182613798,7.98883277638164,13.757988494240099,0.47206495220967337,6.096681222141697,0.0,2.524968498850882,7.183924950555752,4.290999072285154,0.11939768357776653,-0.07224254680444106,0.0,449.6942651943031,449.98247943250635,450.29867460504477,450.04377902784637
4.080000000000001,2.731352162881801,8.426769148766153,14.013048969618488,0.47912543619591297,6.092455762945811,0.0,2.6289483733916716,7.4138949912060434,4.2103698460565075,0.11398844097323256,-0.06701725738437354,0.0,449.77543814136004,450.19482474211793,450.27108692468636,449.845361787295
4.14,2.8922444838884744,8.87849069698466,14.263147329171616,0.48581761041541505,6.088626561030113,0.0,2.7343101168224817,7.643385003466116,4.125631708840395,0.1061206976228578,-0.05809221860119472,0.0,449.73489445249595,450.45448290123096,450.3597972648548,449.7336121381773
4.199999999999998,3.059491045606147,9.343955054566619,14.50803820858451,0.4921134937537799,6.0851988112874125,0.0,2.8407130372238787,7.871939828057013,4.036836290336102,0.10244206442204899,-0.05527019575278982,0.0,449.96896086929905,450.19523099816064,450.1268095648783,449.8383833376095
4.259999999999997,3.2331488700443156,9.823100235357503,14.747491856781746,0.49825030430692774,6.081795416919487,0.0,2.948005106719517,8.099378347506804,3.944415134630681,0.10195468514893952,-0.05979900191097403,0.0,450.2482004510877,449.8793778930702,450.06849354736465,450.03796130005094
4.319999999999996,3.4132676095883467,10.315845376950119,14.981280007244802,0.5044412138339496,6.078254237156781,0.0,3.05608749015333,8.325250509770362,3.8479936237588555,0.10552775040757287,-0.05750547977893544,0.0,450.1100885864241,450.2933333934545,449.4789942242261,449.7776715347867
4.379999999999995,3.599899151794259,10.822104783225411,15.209183969081655,0.5106999109308665,6.0748676468949405,0.0,3.165078376611494,8.549844046248486,3.7482768433477225,0.10176336196302904,-0.05439977814243226,0.0,450.14967231566635,450.39887468742864,449.90717096457445,449.61152371247294
4.439999999999993,3.79309420187566,11.341798567172297,15.431009978958782,0.5167214733989205,6.071722192470254,0.0,3.2748480866443197,8.773029172136537,3.64542582683144,0.09739468459280176,-0.04874138535562516,0.0,450.1033768494616,450.5594730614811,450.1116656742207,449.76640964841215
4.499999999999992,3.9928933147692725,11.87483377365861,15.6465736506202,0.52248464572041,6.068936372843655,0.0,3.3851807963886027,8.994526043307031,3.5395704433792377,0.09322658743708669,-0.04216952460630399,0.0,450.15426414036415,450.68467164532973,450.1787580126157,449.848984972005
4.559999999999991,4.1993226975925335,12.421101305101002,15.855699891482562,0.527863744537914,6.06652989796129,0.0,3.495822514604247,9.214074182375121,3.430889569463799,0.08132740661588019,-0.036275250868860326,0.0,450.15311455673213,450.6291850767112,450.61733349739046,449.66062756271253
4.6199999999999894,4.412392399151013,12.9804708672317,16.05822257088015,0.5326609499228585,6.064429349219488,0.0,3.6064991299136064,9.431207254327807,3.319526127238537,0.077055110561314,-0.03259060778911879,0.0,449.99011596833674,450.2878837488909,450.4572069514269,450.11650930685715
4.679999999999988,4.632100369402876,13.552790228589314,16.253995249040774,0.5372530802050726,6.062560335097981,0.0,3.717077723243291,9.64570952767129,3.20592813865632,0.07547613503323965,-0.028415278179092233,0.0,450.0084417835611,450.34608949934363,450.2585225611155,450.13526250126165
4.739999999999987,4.8584366245934,14.13789799584102,16.442891582990466,0.5419109230255845,6.060870114109484,0.0,3.827421057613041,9.85747813358585,3.090335194599655,0.08162260254755724,-0.027685013154392736,0.0,450.0785022278001,450.13742448203124,449.9843182121192,450.48646897171545
4.799999999999986,5.091383046643319,14.735629105047181,16.624791322148997,0.5469760627812406,6.059411980105459,0.0,3.937397613392929,10.066503426292298,2.972694072962104,0.0894922459613832,-0.0182753051836332,0.0,449.7231983761439,450.4849112528065,449.8439873948385,450.4867268444151
4.859999999999984,5.330909284736149,15.345819208873307,16.79956262200332,0.5524912029242293,6.058435613950486,0.0,4.046699666992629,10.272805034317233,2.8527119739053712,0.09637448541265861,-0.012541830926847445,0.0,449.83337294964014,450.2976800384357,449.6879327396281,450.2522514397341
4.919999999999983,5.576968022026951,15.968314132020526,16.967070050973856,0.5584993226255275,6.057899850642933,0.0,4.155108542805178,10.476687744259868,2.7305507435750695,0.10675376494152644,-0.002538333257472371,0.0,449.66110423513396,450.471164809487,449.4832430458633,450.33237070332905
4.979999999999982,5.829494180861715,16.602969546067914,17.127171027939372,0.5651470384388277,6.057865764252536,0.0,4.2622289997379665,10.678192026855958,2.6058065506968306,0.1178463067354377,0.003107079997639548,0.0,449.61794012899406,450.0752660910353,449.4072562312941,450.3164222087915
5.0399999999999805,6.088404140406938,17.249656246042658,17.279715039576452,0.5723604329920553,6.058171465994402,0.0,4.367866649136259,10.877760165976584,2.4786205911315715,0.12459336592536849,0.008800950075251186,0.0,449.58268204149834,450.0438685291185,449.6009712086977,450.1602939005121
